0.000000000000000000 0.000000000000000000 0.000000000000000000 0.000000000000000000 0.073612597088498877 0.183660402783534460 0.132409395307457434 0.183697952857165170 0.183671128477845835 0.183664424677901117 0.110049146295502887 0.000000000000000000 0.234745149735323455 0.183697952857164726 0.183671128477846501 0.183664424677900673 0.007713391867636421 0.000000000000000000
0.000000000000000000 0.000000000000000000 0.000000000000000000 0.000000000000000000 0.080382728462162989 0.184089673176706770 0.127431779791305821 0.196702151002587478 0.187381573345286823 0.185301721304561129 0.104108165264707564 0.000000000000000000 0.188272432727094152 0.196702151002587922 0.187381573345286156 0.185301721304561795 0.043267512328919011 0.000000000000000000
0.000000000000000000 0.000000000000000000 0.000000000000000000 0.000000000000000000 0.085373742153499910 0.186161490920838668 0.000000000000000000 0.314942122698236737 0.201740307207991298 0.191525630374864919 0.102522444028004811 0.000000000000000000 0.000000000000000000 0.311827569296818208 0.201740307207991520 0.191525630374865141 0.105636997429422674 0.000000000000000000
0.000000000000000000 0.000000000000000000 0.000000000000000000 0.018694646430691408 0.180470376138750943 0.180077899186962931 0.308824228832307757 0.249314082898330458 0.183298060624926373 0.162568887326701716 0.000000000000000000 0.000000000000000000 0.000000000000000000 0.135516956310496095 0.183298060624925707 0.181263533757393791 0.180470376138750943 0.180077899186962931
0.000000000000000000 0.000000000000000000 0.000000000000000000 0.021733176925628372 0.183900974146066876 0.182203163483881658 0.000000000000000000 0.552396948794965814 0.197450729437576022 0.165720069016541016 0.000000000000000000 0.000000000000000000 0.000000000000000000 0.061045821202384776 0.197450729437576022 0.187453245942169389 0.183900974146066876 0.182203163483881436
0.000000000000000000 0.000000000000000000 0.000000000000000000 0.020673961910025129 0.190066156500440675 0.185969613457922733 0.000000000000000000 0.458721920928833349 0.292562277022742290 0.178534487405795916 0.000000000000000000 0.000000000000000000 0.000000000000000000 0.000000000000000000 0.169535455135624069 0.199208449315821046 0.190066156500440897 0.185969613457922289
0.000000000000000000 0.000000000000000000 0.000000000000000000 0.186236927279896936 0.186565021956044630 0.182543939735288152 0.000000000000000000 0.450271983321816283 0.453585610049221710 0.174777056965791155 0.000000000000000000 0.000000000000000000 0.000000000000000000 0.000000000000000000 0.000000000000000000 0.030063832076117070 0.186565021956044852 0.182543939735288152
0.000000000000000000 0.000000000000000000 0.000000000000000000 0.183681241643868010 0.195915307743429246 0.188067502462544223 0.000000000000000000 0.000000000000000000 0.778589443268212333 0.247191726658734678 0.073095458222673937 0.000000000000000000 0.000000000000000000 0.000000000000000000 0.000000000000000000 0.000000000000000000 0.122819849520755753 0.188067502462543779
0.000000000000000000 0.000000000000000000 0.000000000000000000 0.175693565351572101 0.209416967650708719 0.195496984269074359 0.000000000000000000 0.000000000000000000 0.597314732157656403 0.326924225839018590 0.197791865128999156 0.000000000000000000 0.000000000000000000 0.000000000000000000 0.000000000000000000 0.000000000000000000 0.011625102521709341 0.195496984269073693
0.000000000000000000 0.048608258344671862 0.172988448818680363 0.172982134925129927 0.172979609580637739 0.172978346952172179 0.345800103424203531 0.297419167732379197 0.172988448818680585 0.172982134925129483 0.172979609580637739 0.083398811133801765 0.000000000000000000 0.000000000000000000 0.000000000000000000 0.000000000000000000 0.000000000000000000 0.089579535818370637
0.000000000000000000 0.053897611966235992 0.176690539886048104 0.174729353557007583 0.173964787650664920 0.173586458691439960 0.297691746089613574 0.317061054213285232 0.176690539886048548 0.174729353557007361 0.173964787650664920 0.118576997712004584 0.000000000000000000 0.000000000000000000 0.000000000000000000 0.000000000000000000 0.000000000000000000 0.055009460979435154
0.000000000000000000 0.042211468308962274 0.190514927394765943 0.180868622984125427 0.177441130944725689 0.175802958850058033 0.000000000000000000 0.549683052009009243 0.190514927394766165 0.180868622984125427 0.177441130944725689 0.175802958850058033 0.000000000000000000 0.000000000000000000 0.000000000000000000 0.000000000000000000 0.000000000000000000 0.000000000000000000
0.228173129191963753 0.170548565297499177 0.170523661049321262 0.170517437117891246 0.170514947755213031 0.170513703117030735 0.112699917706889252 0.170548565297499177 0.170523661049321262 0.170517437117891468 0.170514947755212809 0.170513703117030513 0.000000000000000000 0.000000000000000000 0.000000000000000000 0.000000000000000000 0.000000000000000000 0.000000000000000000
0.224869649301205232 0.182891874741932137 0.174225686229334986 0.172291858678517373 0.171537958555816550 0.171164907329734772 0.068669262180528712 0.182891874741931471 0.174225686229334986 0.172291858678517595 0.171537958555816328 0.171164907329734994 0.000000000000000000 0.000000000000000000 0.000000000000000000 0.000000000000000000 0.000000000000000000 0.000000000000000000
0.000000000000000000 0.401271305714623105 0.187929363224535129 0.178413973170056472 0.175032997173950822 0.173417057453043366 0.000000000000000000 0.182590346600728815 0.187929363224535351 0.178413973170056028 0.175032997173950822 0.173417057453043810 0.000000000000000000 0.000000000000000000 0.000000000000000000 0.000000000000000000 0.000000000000000000 0.000000000000000000
0.337130502969613444 0.337352126385943807 0.337302864751497067 0.337290553557329176 0.175725444433060041 0.168641583774481685 0.000000000000000000 0.000000000000000000 0.000000000000000000 0.000000000000000000 0.161560185061781603 0.168641583774481685 0.000000000000000000 0.000000000000000000 0.000000000000000000 0.000000000000000000 0.000000000000000000 0.000000000000000000
0.290385313337097717 0.361853998065601479 0.344707829239357721 0.340881725800805890 0.209492599354573539 0.169326018810807888 0.000000000000000000 0.000000000000000000 0.000000000000000000 0.000000000000000000 0.129897525061938524 0.169326018810808776 0.000000000000000000 0.000000000000000000 0.000000000000000000 0.000000000000000000 0.000000000000000000 0.000000000000000000
0.000000000000000000 0.577763713330027073 0.371933201332109498 0.353101181555313337 0.270582359540725514 0.171605863600575947 0.000000000000000000 0.000000000000000000 0.000000000000000000 0.000000000000000000 0.075827492866858748 0.171605863600575947 0.000000000000000000 0.000000000000000000 0.000000000000000000 0.000000000000000000 0.000000000000000000 0.000000000000000000