0.682895220702352423
0.326795764451754178
0.297465490688795131
0.685997077800736155
0.913724174639854003
0.910051676447078628
0.965235691199197721
1.052435417780921645
1.109027809754190796
1.027532345599177388
1.022317267227847548
1.035507570149338807
1.106920479965883386
1.057449261555355235
0.948419264765045122
0.887654111688871539
0.783166516690548153
0.419427161995722053
0.280257038395792135
0.709480371644164109
0.971962005369152782
0.860812922824143123
0.884914987044479129
1.008007147138736848
1.066279512824098719
1.088976642980946874
1.088896760295784860
1.073200505705804719
1.046614833909244036
0.985367565287145308
0.853541051675984708
0.869123172775949526
0.702849207367751916
0.521886532599229236
0.529856354903223359
0.856101333078824411
1.051440875467461344
0.927522328352354930
0.846211304249487983
0.875830688700412363
0.891898852897073713
0.909572166332616172
0.909128492082614592
0.895030307789684731
0.897966561403415464
0.887783867577996100
0.827956683567325769
0.861923637740490411
0.597225290770563633
0.585535460002942321
0.591711387976601499
0.925613015890138113
1.128640892889727576
1.008367312287355100
0.996958549333421096
1.039019531331102142
1.057829810181350805
1.065526736560486354
1.082237274426902429
1.106473255644907949
1.139893293045260991
1.110972305596180654
1.029276539355593600
1.029374753359299399
0.442064259955472161
0.652094946733471348
0.692944292233458548
0.804900133729199219
1.006253969684520522
1.107630483065890958
1.104282152396246941
1.173877632374394242
1.217787819700414609
1.165730094929916749
1.160459808092104250
1.162139174664274410
1.240378496113332840
1.214335595094917064
1.146694627885991524
1.150247315637483947
0.400084667998572119
0.541740831337901962
0.630104650024083002
0.800732288151445926
0.939138495726844935
1.078862252261065358
1.157152582813537611
1.244153231956496519
1.296644986475944838
1.217698923524499488
1.207235302505500041
1.225660769688226903
1.326610747855283989
1.296648205133880349
1.154583706374977981
1.064448209355740138
0.397566407459198412
0.538173774728880838
0.625785115639342027
0.795048224894818412
0.916920163789159304
1.015089851494119788
1.090095100648428739
1.199189859994405749
1.265566688826253117
1.193303068752594287
1.181072580098724512
1.189929099781966038
1.273536186735037434
1.220411162874236677
1.113178611280185581
1.057748232735199467
0.396301276463067009
0.536381350849896132
0.623614128642569598
0.792190899479710109
0.913527293083300496
1.011248438087658741
1.085906439237866117
1.194546319378992916
1.260666121770835923
1.188717833471546026
1.176603036800150548
1.185526016782880276
1.268959222471142123
1.216177286581717976
1.109471095198713897
1.054382279148002866