0.589582617109779772
0.945158326580118446
1.136592871599525711
1.254685044976823427
1.359177010470165259
1.203782303178177138
1.111808451092469729
1.029918458991657237
0.988065609458325556
1.033046046025635656
1.041275666624314589
1.035136044100243957
0.983220815934353398
1.015390933174719068
1.093332998808245637
1.142336581770443171
0.591464769118834388
0.948316759197693759
1.140549690779100622
1.259210524213357107
1.364225039026965458
1.208355091924960156
1.116097024202226784
1.033922044384124828
0.991906500944725211
1.037030809309070323
1.045231143987678024
1.038980573746153935
0.986767160417576505
1.018925812215001336
1.096986586263593244
1.145983315968505334
0.595211218417759591
0.954602274624464786
1.148422430931753002
1.268213037581634950
1.369656416554660971
1.200725183886254932
1.101359254569651558
1.016425035432483082
0.972758657907653701
1.017740350020050144
1.026353444487050792
1.021225904308807886
0.970585075351536597
1.005639219176187593
1.094119693111887948
1.153242190232623976
0.589396532978113563
0.932656453068442803
1.122220928969954068
1.239126590258353477
1.302731006786617129
1.181345528291638525
1.228230858063011022
1.214769042694569201
1.210114249768146077
1.250080944698779284
1.252568503711028125
1.241117144132362737
1.173085336271620482
1.156362768708741440
1.159332193912611553
1.096934809105742259
0.551996495630938999
0.923734893597129458
1.120502092159381125
1.170576496311326320
1.236724845464694855
1.432431588480720386
1.491543087030316794
1.436898698698399590
1.412786049658199206
1.396401292693111973
1.392197317243940580
1.393283956866545381
1.405073880126423980
1.391198951308560083
1.436469230410153841
1.378371189681407705
0.531414371875449820
0.927147339558072159
1.127856089674919460
1.120328326254973250
1.115158990931603533
1.220061533367835516
1.340124746524896659
1.380312119029564411
1.418598862636902158
1.408897057629186156
1.416614904086302307
1.428365123146478011
1.412538150147103488
1.373989369717290243
1.445776478769932982
1.436284020576929832
0.520341813277108489
0.888636296838783646
1.034693702413449490
0.928455528020985410
0.962778646467447263
1.219733027390281777
1.275476439100448500
1.204041585907788203
1.244201715213383075
1.256408117022546955
1.265667079665602435
1.264202590100891088
1.258591673480192519
1.265289030965786043
1.376013299367154108
1.286687069956121920
0.450193155115562293
0.785868118592991438
0.838385904698199069
0.857641680638185799
1.018864515896421130
1.086213086294228081
1.085988413240009720
1.153403376999144303
1.192193272808435234
1.211000288593324647
1.218746139053192845
1.216462099191787383
1.207525016503030457
1.181949207877853514
1.189125372236007117
1.209769586363154792