0.000000000000000000 0.000000000000000000 0.000000000000000000 0.000000000000000000 0.000000000000000000 0.000000000000000000 0.000000000000000000 0.000000000000000000 0.000000000000000000 0.000000000000000000 0.000000000000000000 0.000000000000000000 0.000000000000000000 0.000000000000000000 0.000000000000000000 0.000000000000000000 0.000000000000000000 1.101043703582919031
0.000000000000000000 0.000000000000000000 0.000000000000000000 0.000000000000000000 0.000000000000000000 0.000000000000000000 0.000000000000000000 0.000000000000000000 0.000000000000000000 0.000000000000000000 0.000000000000000000 0.000000000000000000 0.000000000000000000 0.000000000000000000 0.000000000000000000 0.000000000000000000 0.640710171488991564 0.637474237261837828
0.000000000000000000 0.000000000000000000 0.000000000000000000 0.000000000000000000 0.000000000000000000 0.000000000000000000 0.000000000000000000 0.000000000000000000 0.000000000000000000 0.000000000000000000 0.000000000000000000 0.000000000000000000 0.000000000000000000 0.000000000000000000 0.000000000000000000 0.000000000000000000 0.909124810491606539 0.522586282854861084
0.000000000000000000 0.000000000000000000 0.000000000000000000 0.000000000000000000 0.000000000000000000 0.000000000000000000 0.000000000000000000 0.000000000000000000 0.000000000000000000 0.000000000000000000 0.000000000000000000 0.000000000000000000 0.000000000000000000 0.000000000000000000 0.000000000000000000 0.475865004357182819 0.631994039702064692 0.457605413253551196
0.000000000000000000 0.000000000000000000 0.000000000000000000 0.000000000000000000 0.000000000000000000 0.000000000000000000 0.000000000000000000 0.000000000000000000 0.000000000000000000 0.000000000000000000 0.000000000000000000 0.000000000000000000 0.000000000000000000 0.000000000000000000 0.000000000000000000 0.775531480250681637 0.490320081172013200 0.415142313431224652
0.000000000000000000 0.000000000000000000 0.000000000000000000 0.000000000000000000 0.000000000000000000 0.000000000000000000 0.000000000000000000 0.000000000000000000 0.000000000000000000 0.000000000000000000 0.000000000000000000 0.000000000000000000 0.000000000000000000 0.000000000000000000 0.401472080301736867 0.567908314476455622 0.423692012073907831 0.385701601873838840
0.000000000000000000 0.000000000000000000 0.000000000000000000 0.000000000000000000 0.000000000000000000 0.000000000000000000 0.000000000000000000 0.000000000000000000 0.000000000000000000 0.000000000000000000 0.000000000000000000 0.000000000000000000 0.000000000000000000 0.000000000000000000 0.672491695151135715 0.436911324812704116 0.384498643029169918 0.364900756311536067
0.000000000000000000 0.000000000000000000 0.000000000000000000 0.000000000000000000 0.000000000000000000 0.000000000000000000 0.000000000000000000 0.000000000000000000 0.000000000000000000 0.000000000000000000 0.000000000000000000 0.000000000000000000 0.000000000000000000 0.361969386810536919 0.466956948694143170 0.381715938447672709 0.359908385641255713 0.350397764050661475
0.000000000000000000 0.000000000000000000 0.000000000000000000 0.000000000000000000 0.000000000000000000 0.000000000000000000 0.000000000000000000 0.000000000000000000 0.000000000000000000 0.000000000000000000 0.000000000000000000 0.000000000000000000 0.000000000000000000 0.550353517406103387 0.376461473207713837 0.352841944902026361 0.344688019068370322 0.340829338814383265
0.000000000000000000 0.000000000000000000 0.000000000000000000 0.000000000000000000 0.000000000000000000 0.000000000000000000 0.000000000000000000 0.000000000000000000 0.000000000000000000 0.000000000000000000 0.000000000000000000 0.000000000000000000 0.272222277212132768 0.366339132682552249 0.343199007688738789 0.338233331716632613 0.336312567834431420 0.335365059247359376
0.000000000000000000 0.000000000000000000 0.000000000000000000 0.000000000000000000 0.000000000000000000 0.000000000000000000 0.000000000000000000 0.000000000000000000 0.000000000000000000 0.000000000000000000 0.000000000000000000 0.000000000000000000 0.333345943372609588 0.333565078888807598 0.333516370255614980 0.333504197264447022 0.333499328478501944 0.333496894169934777
0.000000000000000000 0.000000000000000000 0.000000000000000000 0.000000000000000000 0.000000000000000000 0.000000000000000000 0.000000000000000000 0.000000000000000000 0.000000000000000000 0.000000000000000000 0.000000000000000000 0.000000000000000000 0.287197088860399630 0.357881098195539371 0.340923182123902047 0.337139086583388092 0.335663861922792073 0.334933878796633167
0.000000000000000000 0.000000000000000000 0.000000000000000000 0.000000000000000000 0.000000000000000000 0.000000000000000000 0.000000000000000000 0.000000000000000000 0.000000000000000000 0.000000000000000000 0.000000000000000000 0.000000000000000000 0.000000000000000000 0.571600724139999183 0.367965800392363818 0.349334661237924005 0.342714708308970994 0.339550697413668612
0.000000000000000000 0.000000000000000000 0.000000000000000000 0.000000000000000000 0.000000000000000000 0.000000000000000000 0.000000000000000000 0.000000000000000000 0.000000000000000000 0.000000000000000000 0.000000000000000000 0.000000000000000000 0.000000000000000000 0.428418608984659555 0.431571413080477528 0.372097355108145456 0.355020654858178242 0.347368806573415290
0.000000000000000000 0.000000000000000000 0.000000000000000000 0.000000000000000000 0.000000000000000000 0.000000000000000000 0.000000000000000000 0.000000000000000000 0.000000000000000000 0.000000000000000000 0.000000000000000000 0.000000000000000000 0.000000000000000000 0.000000000000000000 0.742214760818009411 0.410743145667709308 0.373524800611205077 0.358562468486463670
0.000000000000000000 0.000000000000000000 0.000000000000000000 0.000000000000000000 0.000000000000000000 0.000000000000000000 0.000000000000000000 0.000000000000000000 0.000000000000000000 0.000000000000000000 0.000000000000000000 0.000000000000000000 0.000000000000000000 0.000000000000000000 0.570575545003909390 0.480117774931316577 0.400084558499825382 0.373490866173731506
0.000000000000000000 0.000000000000000000 0.000000000000000000 0.000000000000000000 0.000000000000000000 0.000000000000000000 0.000000000000000000 0.000000000000000000 0.000000000000000000 0.000000000000000000 0.000000000000000000 0.000000000000000000 0.000000000000000000 0.000000000000000000 0.000000000000000000 0.000000000000000000 0.000000000000000000 1.104558616605481269
0.000000000000000000 0.000000000000000000 0.000000000000000000 0.000000000000000000 0.000000000000000000 0.000000000000000000 0.000000000000000000 0.000000000000000000 0.000000000000000000 0.000000000000000000 0.000000000000000000 0.000000000000000000 0.000000000000000000 0.000000000000000000 0.000000000000000000 0.000000000000000000 0.642851230660913542 0.639604482922496054
0.000000000000000000 0.000000000000000000 0.000000000000000000 0.000000000000000000 0.000000000000000000 0.000000000000000000 0.000000000000000000 0.000000000000000000 0.000000000000000000 0.000000000000000000 0.000000000000000000 0.000000000000000000 0.000000000000000000 0.000000000000000000 0.000000000000000000 0.000000000000000000 0.912289745427119270 0.524405561752918636
0.000000000000000000 0.000000000000000000 0.000000000000000000 0.000000000000000000 0.000000000000000000 0.000000000000000000 0.000000000000000000 0.000000000000000000 0.000000000000000000 0.000000000000000000 0.000000000000000000 0.000000000000000000 0.000000000000000000 0.000000000000000000 0.000000000000000000 0.477581385057855412 0.634273556713705666 0.459255934079072281
0.000000000000000000 0.000000000000000000 0.000000000000000000 0.000000000000000000 0.000000000000000000 0.000000000000000000 0.000000000000000000 0.000000000000000000 0.000000000000000000 0.000000000000000000 0.000000000000000000 0.000000000000000000 0.000000000000000000 0.000000000000000000 0.000000000000000000 0.778411829924671617 0.492141146237609517 0.416684165770687898
0.000000000000000000 0.000000000000000000 0.000000000000000000 0.000000000000000000 0.000000000000000000 0.000000000000000000 0.000000000000000000 0.000000000000000000 0.000000000000000000 0.000000000000000000 0.000000000000000000 0.000000000000000000 0.000000000000000000 0.000000000000000000 0.402997145927062261 0.570065618785369876 0.425301484201715985 0.387166760432831936
0.000000000000000000 0.000000000000000000 0.000000000000000000 0.000000000000000000 0.000000000000000000 0.000000000000000000 0.000000000000000000 0.000000000000000000 0.000000000000000000 0.000000000000000000 0.000000000000000000 0.000000000000000000 0.000000000000000000 0.000000000000000000 0.675085693962286681 0.438596620653997071 0.385981767698362788 0.366308286151509455
0.000000000000000000 0.000000000000000000 0.000000000000000000 0.000000000000000000 0.000000000000000000 0.000000000000000000 0.000000000000000000 0.000000000000000000 0.000000000000000000 0.000000000000000000 0.000000000000000000 0.000000000000000000 0.000000000000000000 0.363376464562083168 0.468772142899452904 0.383199776650494206 0.361307451696242232 0.351759859619934945
0.000000000000000000 0.000000000000000000 0.000000000000000000 0.000000000000000000 0.000000000000000000 0.000000000000000000 0.000000000000000000 0.000000000000000000 0.000000000000000000 0.000000000000000000 0.000000000000000000 0.000000000000000000 0.000000000000000000 0.552492897746112099 0.377924885812668254 0.354213541696049905 0.346027919238187653 0.342154239198767085
0.000000000000000000 0.000000000000000000 0.000000000000000000 0.000000000000000000 0.000000000000000000 0.000000000000000000 0.000000000000000000 0.000000000000000000 0.000000000000000000 0.000000000000000000 0.000000000000000000 0.000000000000000000 0.273272318823862825 0.367752210764426657 0.344522827483615401 0.339537997434723460 0.337609824599724107 0.336658661192575259
0.000000000000000000 0.000000000000000000 0.000000000000000000 0.000000000000000000 0.000000000000000000 0.000000000000000000 0.000000000000000000 0.000000000000000000 0.000000000000000000 0.000000000000000000 0.000000000000000000 0.000000000000000000 0.334612219321851256 0.334832187264663128 0.334783293602757492 0.334771074370242117 0.334766187089314604 0.334763743533579738
0.000000000000000000 0.000000000000000000 0.000000000000000000 0.000000000000000000 0.000000000000000000 0.000000000000000000 0.000000000000000000 0.000000000000000000 0.000000000000000000 0.000000000000000000 0.000000000000000000 0.000000000000000000 0.288263748386590191 0.359210280479899557 0.342189382144784338 0.338391232347756921 0.336910528653775687 0.336177834346043758
0.000000000000000000 0.000000000000000000 0.000000000000000000 0.000000000000000000 0.000000000000000000 0.000000000000000000 0.000000000000000000 0.000000000000000000 0.000000000000000000 0.000000000000000000 0.000000000000000000 0.000000000000000000 0.000000000000000000 0.573662410631798236 0.369293003259802521 0.350594664106660847 0.343950833902971986 0.340775410848364935
0.000000000000000000 0.000000000000000000 0.000000000000000000 0.000000000000000000 0.000000000000000000 0.000000000000000000 0.000000000000000000 0.000000000000000000 0.000000000000000000 0.000000000000000000 0.000000000000000000 0.000000000000000000 0.000000000000000000 0.429910062090935741 0.433073842039257473 0.373392737111807760 0.356256587769063104 0.348578101115533556
0.000000000000000000 0.000000000000000000 0.000000000000000000 0.000000000000000000 0.000000000000000000 0.000000000000000000 0.000000000000000000 0.000000000000000000 0.000000000000000000 0.000000000000000000 0.000000000000000000 0.000000000000000000 0.000000000000000000 0.000000000000000000 0.744695017557947647 0.412115724750220735 0.374773007266690605 0.359760675563583376
0.000000000000000000 0.000000000000000000 0.000000000000000000 0.000000000000000000 0.000000000000000000 0.000000000000000000 0.000000000000000000 0.000000000000000000 0.000000000000000000 0.000000000000000000 0.000000000000000000 0.000000000000000000 0.000000000000000000 0.000000000000000000 0.572397019852689093 0.481650477233670715 0.401361767043156403 0.374683178436225228
0.000000000000000000 0.000000000000000000 0.000000000000000000 0.000000000000000000 0.000000000000000000 0.000000000000000000 0.000000000000000000 0.000000000000000000 0.000000000000000000 0.000000000000000000 0.000000000000000000 0.000000000000000000 0.000000000000000000 0.000000000000000000 0.000000000000000000 0.000000000000000000 0.000000000000000000 1.111555099018066040
0.000000000000000000 0.000000000000000000 0.000000000000000000 0.000000000000000000 0.000000000000000000 0.000000000000000000 0.000000000000000000 0.000000000000000000 0.000000000000000000 0.000000000000000000 0.000000000000000000 0.000000000000000000 0.000000000000000000 0.000000000000000000 0.000000000000000000 0.000000000000000000 0.647112097389515029 0.643843829960755620
0.000000000000000000 0.000000000000000000 0.000000000000000000 0.000000000000000000 0.000000000000000000 0.000000000000000000 0.000000000000000000 0.000000000000000000 0.000000000000000000 0.000000000000000000 0.000000000000000000 0.000000000000000000 0.000000000000000000 0.000000000000000000 0.000000000000000000 0.000000000000000000 0.918586902111955705 0.528025315241664295
0.000000000000000000 0.000000000000000000 0.000000000000000000 0.000000000000000000 0.000000000000000000 0.000000000000000000 0.000000000000000000 0.000000000000000000 0.000000000000000000 0.000000000000000000 0.000000000000000000 0.000000000000000000 0.000000000000000000 0.000000000000000000 0.000000000000000000 0.480995772660836485 0.638808188583172454 0.462539306959545593
0.000000000000000000 0.000000000000000000 0.000000000000000000 0.000000000000000000 0.000000000000000000 0.000000000000000000 0.000000000000000000 0.000000000000000000 0.000000000000000000 0.000000000000000000 0.000000000000000000 0.039882509715229997 0.000000000000000000 0.000000000000000000 0.000000000000000000 0.784140789131903659 0.495763209061690135 0.379868370224268448
0.000000000000000000 0.000000000000000000 0.000000000000000000 0.000000000000000000 0.000000000000000000 0.000000000000000000 0.000000000000000000 0.000000000000000000 0.000000000000000000 0.000000000000000000 0.000000000000000000 0.144713794462673295 0.000000000000000000 0.000000000000000000 0.406030092914880125 0.574355919148105354 0.428502293111803212 0.245366773851192432
0.000000000000000000 0.000000000000000000 0.000000000000000000 0.000000000000000000 0.000000000000000000 0.000000000000000000 0.000000000000000000 0.000000000000000000 0.000000000000000000 0.000000000000000000 0.043152597550653038 0.184553622015599661 0.000000000000000000 0.000000000000000000 0.680244016866833778 0.441947932960585099 0.345778452899313304 0.184553622015599661
0.000000000000000000 0.000000000000000000 0.000000000000000000 0.000000000000000000 0.000000000000000000 0.000000000000000000 0.000000000000000000 0.000000000000000000 0.000000000000000000 0.000000000000000000 0.110807347772467146 0.177234174481182283 0.000000000000000000 0.366174399729045197 0.472381606339774107 0.386150347850404030 0.253282108053856980 0.177234174481182283
0.000000000000000000 0.000000000000000000 0.000000000000000000 0.000000000000000000 0.000000000000000000 0.000000000000000000 0.000000000000000000 0.000000000000000000 0.000000000000000000 0.000000000000000000 0.152821105287701542 0.172394383472723955 0.000000000000000000 0.556746996343174816 0.380834841276513680 0.356940923960940903 0.195871168355370218 0.172394383472723733
0.000000000000000000 0.000000000000000000 0.000000000000000000 0.000000000000000000 0.000000000000000000 0.000000000000000000 0.000000000000000000 0.000000000000000000 0.000000000000000000 0.000000000000000000 0.169527226755421090 0.169615533295127019 0.275360389825772156 0.370562201657362422 0.347155322895744911 0.342132403811271857 0.170662271071878591 0.169615533295127019
0.000000000000000000 0.000000000000000000 0.000000000000000000 0.000000000000000000 0.000000000000000000 0.000000000000000000 0.000000000000000000 0.000000000000000000 0.000000000000000000 0.000000000000000000 0.161560185061781159 0.168641583774481685 0.337130502969613444 0.337352126385943807 0.337302864751497067 0.337290553557329176 0.175725444433060485 0.168641583774481685
0.000000000000000000 0.000000000000000000 0.000000000000000000 0.000000000000000000 0.000000000000000000 0.000000000000000000 0.000000000000000000 0.000000000000000000 0.000000000000000000 0.000000000000000000 0.129897525061938079 0.169326018810808776 0.290385313337097717 0.361853998065601479 0.344707829239357721 0.340881725800805890 0.209492599354573983 0.169326018810807888
0.000000000000000000 0.000000000000000000 0.000000000000000000 0.000000000000000000 0.000000000000000000 0.000000000000000000 0.000000000000000000 0.000000000000000000 0.000000000000000000 0.000000000000000000 0.075827492866858748 0.171605863600575947 0.000000000000000000 0.577763713330027073 0.371933201332109498 0.353101181555313337 0.270582359540725514 0.171605863600575947
0.000000000000000000 0.000000000000000000 0.000000000000000000 0.000000000000000000 0.000000000000000000 0.000000000000000000 0.000000000000000000 0.000000000000000000 0.000000000000000000 0.000000000000000000 0.000867081792417679 0.175492095385700875 0.000000000000000000 0.432877552446875757 0.436063170652334353 0.375970111879371904 0.357848597032345284 0.175492095385700653
0.000000000000000000 0.000000000000000000 0.000000000000000000 0.000000000000000000 0.000000000000000000 0.000000000000000000 0.000000000000000000 0.000000000000000000 0.000000000000000000 0.000000000000000000 0.000000000000000000 0.087723243691055774 0.000000000000000000 0.000000000000000000 0.749630912632770041 0.414847259040223015 0.377257031192097081 0.274421952924451151
0.000000000000000000 0.000000000000000000 0.000000000000000000 0.000000000000000000 0.000000000000000000 0.000000000000000000 0.000000000000000000 0.000000000000000000 0.000000000000000000 0.000000000000000000 0.000000000000000000 0.000000000000000000 0.000000000000000000 0.000000000000000000 0.576022690434773166 0.484701342115188005 0.403904068105303660 0.377056492291018008
0.000000000000000000 0.000000000000000000 0.000000000000000000 0.000000000000000000 0.000000000000000000 0.000000000000000000 0.000000000000000000 0.000000000000000000 0.000000000000000000 0.000000000000000000 0.000000000000000000 0.098563416651862301 0.000000000000000000 0.000000000000000000 0.000000000000000000 0.000000000000000000 0.000000000000000000 1.023404603884611408
0.000000000000000000 0.000000000000000000 0.000000000000000000 0.000000000000000000 0.000000000000000000 0.000000000000000000 0.000000000000000000 0.000000000000000000 0.000000000000000000 0.000000000000000000 0.000000000000000000 0.270817674001749609 0.000000000000000000 0.000000000000000000 0.000000000000000000 0.000000000000000000 0.653451306010060851 0.379333348134269333
0.000000000000000000 0.000000000000000000 0.000000000000000000 0.000000000000000000 0.000000000000000000 0.000000000000000000 0.000000000000000000 0.000000000000000000 0.000000000000000000 0.000000000000000000 0.157855735775762174 0.266704445052972972 0.000000000000000000 0.000000000000000000 0.000000000000000000 0.000000000000000000 0.770096780472713016 0.266704445052972972
0.000000000000000000 0.000000000000000000 0.000000000000000000 0.000000000000000000 0.000000000000000000 0.000000000000000000 0.000000000000000000 0.000000000000000000 0.000000000000000000 0.004124746062342144 0.322775207142250942 0.233710561767264124 0.000000000000000000 0.000000000000000000 0.000000000000000000 0.481947639764430669 0.322775207142251164 0.233710561767263680
0.000000000000000000 0.000000000000000000 0.000000000000000000 0.000000000000000000 0.000000000000000000 0.000000000000000000 0.000000000000000000 0.000000000000000000 0.000000000000000000 0.215895750235508110 0.250573610401096047 0.212154697107402868 0.000000000000000000 0.000000000000000000 0.000000000000000000 0.576760844703939402 0.250573610401096269 0.212154697107403090
0.000000000000000000 0.000000000000000000 0.000000000000000000 0.000000000000000000 0.000000000000000000 0.000000000000000000 0.000000000000000000 0.000000000000000000 0.073570106381661837 0.290365971693243630 0.216629585530757396 0.197205460030962065 0.000000000000000000 0.000000000000000000 0.336967396708032219 0.290365971693243852 0.216629585530757174 0.197205460030962065
0.000000000000000000 0.000000000000000000 0.000000000000000000 0.000000000000000000 0.000000000000000000 0.000000000000000000 0.000000000000000000 0.000000000000000000 0.250355626655867525 0.223463892579246259 0.196656755234186686 0.186633165083193830 0.000000000000000000 0.000000000000000000 0.437553353456330285 0.223463892579246259 0.196656755234186909 0.186633165083193830
0.000000000000000000 0.000000000000000000 0.000000000000000000 0.000000000000000000 0.000000000000000000 0.000000000000000000 0.000000000000000000 0.118332258071344398 0.238872336239752237 0.195267204507687975 0.184111527092224225 0.179246358247878046 0.000000000000000000 0.251999410903714471 0.238872336239752237 0.195267204507687975 0.184111527092224003 0.179246358247878490
0.000000000000000000 0.000000000000000000 0.000000000000000000 0.000000000000000000 0.000000000000000000 0.000000000000000000 0.000000000000000000 0.229672585400029217 0.192579277085107581 0.180496681627346778 0.176325531976704752 0.174351619885558140 0.000000000000000000 0.333395298387559658 0.192579277085106693 0.180496681627347000 0.176325531976704752 0.174351619885558362
0.000000000000000000 0.000000000000000000 0.000000000000000000 0.000000000000000000 0.000000000000000000 0.000000000000000000 0.090367379982494889 0.187368841099376571 0.175533527816740254 0.172993769245617823 0.172011369958929627 0.171526754557370431 0.188095760054835637 0.187368841099376127 0.175533527816740031 0.172993769245618267 0.172011369958929405 0.171526754557370431
0.000000000000000000 0.000000000000000000 0.000000000000000000 0.000000000000000000 0.000000000000000000 0.000000000000000000 0.112699917706888808 0.170548565297499177 0.170523661049321262 0.170517437117891468 0.170514947755212809 0.170513703117030513 0.228173129191964197 0.170548565297499177 0.170523661049321262 0.170517437117891246 0.170514947755213031 0.170513703117030735
0.000000000000000000 0.000000000000000000 0.000000000000000000 0.000000000000000000 0.000000000000000000 0.000000000000000000 0.068669262180528268 0.182891874741931471 0.174225686229334986 0.172291858678517595 0.171537958555816328 0.171164907329734994 0.224869649301205676 0.182891874741932137 0.174225686229334986 0.172291858678517373 0.171537958555816550 0.171164907329734772
0.000000000000000000 0.000000000000000000 0.000000000000000000 0.000000000000000000 0.000000000000000000 0.000000000000000000 0.000000000000000000 0.182590346600728370 0.187929363224535351 0.178413973170056028 0.175032997173950822 0.173417057453043810 0.000000000000000000 0.401271305714623550 0.187929363224535129 0.178413973170056472 0.175032997173950822 0.173417057453043366
0.000000000000000000 0.000000000000000000 0.000000000000000000 0.000000000000000000 0.000000000000000000 0.000000000000000000 0.000000000000000000 0.067985953907929275 0.220254564657839325 0.189901690602467088 0.181186513773440971 0.177281355874406632 0.000000000000000000 0.369305077672221760 0.220254564657839991 0.189901690602466644 0.181186513773440749 0.177281355874407076
0.000000000000000000 0.000000000000000000 0.000000000000000000 0.000000000000000000 0.000000000000000000 0.000000000000000000 0.000000000000000000 0.000000000000000000 0.177351013006055602 0.209455582972477572 0.190476349251100352 0.182846413046758194 0.000000000000000000 0.000000000000000000 0.579623398168563009 0.209455582972477350 0.190476349251100574 0.182846413046757972
0.000000000000000000 0.000000000000000000 0.000000000000000000 0.000000000000000000 0.000000000000000000 0.000000000000000000 0.000000000000000000 0.000000000000000000 0.030924129707002201 0.244620984530928620 0.203843897697496779 0.190294357274728210 0.000000000000000000 0.000000000000000000 0.550494675660462285 0.244620984530928620 0.203843897697496335 0.190294357274728210
0.000000000000000000 0.000000000000000000 0.000000000000000000 0.000000000000000000 0.000000000000000000 0.000000000000000000 0.000000000000000000 0.000000000000000000 0.000000000000000000 0.000000000000000000 0.000000000000000000 0.485832197670076571 0.000000000000000000 0.000000000000000000 0.000000000000000000 0.000000000000000000 0.000000000000000000 0.649871214483742188
0.000000000000000000 0.000000000000000000 0.000000000000000000 0.000000000000000000 0.000000000000000000 0.000000000000000000 0.000000000000000000 0.000000000000000000 0.000000000000000000 0.000000000000000000 0.322901545582446214 0.329233320455449174 0.000000000000000000 0.000000000000000000 0.000000000000000000 0.000000000000000000 0.338907590783507295 0.329233320455449396
0.000000000000000000 0.000000000000000000 0.000000000000000000 0.000000000000000000 0.000000000000000000 0.000000000000000000 0.000000000000000000 0.000000000000000000 0.000000000000000000 0.000000000000000000 0.530627912649321631 0.270251792187113260 0.000000000000000000 0.000000000000000000 0.000000000000000000 0.000000000000000000 0.409666991437793948 0.270251792187113260
0.000000000000000000 0.000000000000000000 0.000000000000000000 0.000000000000000000 0.000000000000000000 0.000000000000000000 0.000000000000000000 0.000000000000000000 0.000000000000000000 0.368762091358432409 0.327216003387747811 0.236925991460323893 0.000000000000000000 0.000000000000000000 0.000000000000000000 0.123997761096061643 0.327216003387747589 0.236925991460323893
0.000000000000000000 0.000000000000000000 0.000000000000000000 0.000000000000000000 0.000000000000000000 0.000000000000000000 0.000000000000000000 0.000000000000000000 0.000000000000000000 0.578582838425591106 0.254118594457350966 0.215156150522633816 0.000000000000000000 0.000000000000000000 0.000000000000000000 0.225287846404033321 0.254118594457350966 0.215156150522634038
0.000000000000000000 0.000000000000000000 0.000000000000000000 0.000000000000000000 0.000000000000000000 0.000000000000000000 0.000000000000000000 0.000000000000000000 0.416471505504680817 0.308601637567786025 0.219760798815833880 0.200055912589534035 0.000000000000000000 0.000000000000000000 0.000000000000000000 0.280524337371430121 0.219760798815833880 0.200055912589534035
0.000000000000000000 0.000000000000000000 0.000000000000000000 0.000000000000000000 0.000000000000000000 0.000000000000000000 0.000000000000000000 0.000000000000000000 0.607377830052885370 0.226741264850892410 0.199540967932700930 0.189370369528857996 0.000000000000000000 0.000000000000000000 0.090620179614890217 0.226741264850892188 0.199540967932700930 0.189370369528858218
0.000000000000000000 0.000000000000000000 0.000000000000000000 0.000000000000000000 0.000000000000000000 0.089579535818370193 0.345800103424203531 0.297419167732378753 0.172988448818680585 0.172982134925129483 0.172979609580637739 0.083398811133802209 0.000000000000000000 0.048608258344672306 0.172988448818680363 0.172982134925129927 0.172979609580637739 0.172978346952172179
0.000000000000000000 0.000000000000000000 0.000000000000000000 0.000000000000000000 0.000000000000000000 0.055009460979435154 0.297691746089613574 0.317061054213285232 0.176690539886048548 0.174729353557007361 0.173964787650664920 0.118576997712004584 0.000000000000000000 0.053897611966235992 0.176690539886048104 0.174729353557007583 0.173964787650664920 0.173586458691439960
0.000000000000000000 0.000000000000000000 0.000000000000000000 0.000000000000000000 0.000000000000000000 0.000000000000000000 0.000000000000000000 0.549683052009008799 0.190514927394766165 0.180868622984125427 0.177441130944725689 0.175802958850058033 0.000000000000000000 0.042211468308962719 0.190514927394765943 0.180868622984125427 0.177441130944725689 0.175802958850058033
0.000000000000000000 0.000000000000000000 0.000000000000000000 0.000000000000000000 0.000000000000000000 0.000000000000000000 0.000000000000000000 0.439562802698032273 0.223184097379221846 0.192427509839536270 0.183596415341640729 0.179639316236007929 0.000000000000000000 0.003544491477045497 0.223184097379221180 0.192427509839536715 0.183596415341640729 0.179639316236007707
0.000000000000000000 0.000000000000000000 0.000000000000000000 0.000000000000000000 0.000000000000000000 0.000000000000000000 0.000000000000000000 0.000000000000000000 0.557472739535668893 0.212134580188457544 0.192912596602982322 0.185185071317654604 0.000000000000000000 0.000000000000000000 0.209183592317909506 0.212134580188457100 0.192912596602982545 0.185185071317654826
0.000000000000000000 0.000000000000000000 0.000000000000000000 0.000000000000000000 0.000000000000000000 0.000000000000000000 0.000000000000000000 0.000000000000000000 0.417364854953662601 0.247615691116902514 0.206339401769298991 0.192623984743511834 0.000000000000000000 0.000000000000000000 0.171171813703340892 0.247615691116902292 0.206339401769298991 0.192623984743512056
0.000000000000000000 0.000000000000000000 0.000000000000000000 0.000000000000000000 0.000000000000000000 0.000000000000000000 0.000000000000000000 0.000000000000000000 0.000000000000000000 0.000000000000000000 0.000000000000000000 0.742418600081663271 0.000000000000000000 0.000000000000000000 0.000000000000000000 0.000000000000000000 0.000000000000000000 0.410223903892115382
0.000000000000000000 0.000000000000000000 0.000000000000000000 0.000000000000000000 0.000000000000000000 0.000000000000000000 0.000000000000000000 0.000000000000000000 0.000000000000000000 0.000000000000000000 0.572122358875616355 0.334357882441270959 0.000000000000000000 0.000000000000000000 0.000000000000000000 0.000000000000000000 0.099987927864174431 0.334357882441270737
0.000000000000000000 0.000000000000000000 0.000000000000000000 0.000000000000000000 0.000000000000000000 0.000000000000000000 0.000000000000000000 0.000000000000000000 0.000000000000000000 0.000000000000000000 0.778904328884450825 0.274621546663790905 0.000000000000000000 0.000000000000000000 0.000000000000000000 0.000000000000000000 0.176594388776955880 0.274621546663790683
0.000000000000000000 0.000000000000000000 0.000000000000000000 0.000000000000000000 0.000000000000000000 0.122903584136455635 0.000000000000000000 0.000000000000000000 0.000000000000000000 0.500993669721009338 0.442496494109152927 0.117981344541776778 0.000000000000000000 0.000000000000000000 0.000000000000000000 0.000000000000000000 0.222870806055831316 0.240884928678232857
0.000000000000000000 0.000000000000000000 0.000000000000000000 0.000000000000000000 0.032245578071615544 0.218850088214395999 0.000000000000000000 0.000000000000000000 0.000000000000000000 0.817672048233747617 0.229866498277985887 0.000000000000000000 0.000000000000000000 0.000000000000000000 0.000000000000000000 0.000000000000000000 0.254850852005624073 0.218850088214396221
0.000000000000000000 0.000000000000000000 0.000000000000000000 0.000000000000000000 0.154867615802628755 0.203562856464634123 0.000000000000000000 0.000000000000000000 0.423772175484780522 0.544448252257357934 0.068745549971114261 0.000000000000000000 0.000000000000000000 0.000000000000000000 0.000000000000000000 0.055004994206764524 0.223613165773743017 0.203562856464633901
0.000000000000000000 0.000000000000000000 0.000000000000000000 0.047948917259220902 0.203088640780004770 0.192737217575259745 0.000000000000000000 0.000000000000000000 0.710407835138830324 0.319449465950043976 0.000000000000000000 0.000000000000000000 0.000000000000000000 0.000000000000000000 0.000000000000000000 0.094146689608437972 0.203088640780004326 0.192737217575259745
0.000000000000000000 0.000000000000000000 0.000000000000000000 0.130837135359047618 0.190177203549719120 0.185151748488713963 0.000000000000000000 0.382532491603853497 0.493484287800278310 0.150267718891389013 0.000000000000000000 0.000000000000000000 0.000000000000000000 0.000000000000000000 0.000000000000000000 0.122295970073196258 0.190177203549719120 0.185151748488714185
0.000000000000000000 0.000000000000000000 0.000000000000000000 0.182770281395835621 0.182134693657443503 0.180095749722340326 0.000000000000000000 0.581618528935139212 0.397847858372567531 0.046818110987814299 0.000000000000000000 0.000000000000000000 0.000000000000000000 0.000000000000000000 0.000000000000000000 0.143298136819906885 0.182134693657443281 0.180095749722340326
0.000000000000000000 0.000000000000000000 0.026727043029621367 0.178651729596902786 0.177637199810731783 0.177136734504638405 0.287570597563100883 0.386993909444726336 0.335822064761450045 0.019470729319597035 0.000000000000000000 0.000000000000000000 0.000000000000000000 0.000000000000000000 0.000000000000000000 0.159181000277305751 0.177637199810731783 0.177136734504638182
0.000000000000000000 0.000000000000000000 0.023986599540968268 0.176014480386581074 0.176011910773258506 0.176010626011144922 0.351861916539421227 0.352093224117159265 0.328055210382114604 0.004955626674557845 0.000000000000000000 0.000000000000000000 0.000000000000000000 0.000000000000000000 0.000000000000000000 0.171058853712023673 0.176011910773258506 0.176010626011144700
0.000000000000000000 0.000000000000000000 0.000000000000000000 0.168008358466237073 0.176951525815394195 0.176566701463873876 0.302802707401815585 0.377327520594138877 0.357687458706320349 0.009720859809458915 0.000000000000000000 0.000000000000000000 0.000000000000000000 0.000000000000000000 0.001760692292673838 0.177729218275695766 0.176951525815394195 0.176566701463873876
0.000000000000000000 0.000000000000000000 0.000000000000000000 0.110868300764638938 0.180406100271032876 0.178740554985121314 0.000000000000000000 0.601784837674546269 0.386664107149843339 0.073022563547548991 0.000000000000000000 0.000000000000000000 0.000000000000000000 0.000000000000000000 0.000732601963953083 0.183890864312188373 0.180406100271032654 0.178740554985121758
0.000000000000000000 0.000000000000000000 0.000000000000000000 0.030063832076117070 0.186565021956044852 0.182543939735288152 0.000000000000000000 0.450271983321816283 0.453585610049221710 0.174777056965791155 0.000000000000000000 0.000000000000000000 0.000000000000000000 0.000000000000000000 0.000000000000000000 0.186236927279896936 0.186565021956044630 0.182543939735288152
0.000000000000000000 0.000000000000000000 0.000000000000000000 0.000000000000000000 0.122819849520755309 0.188067502462543779 0.000000000000000000 0.000000000000000000 0.778589443268212333 0.247191726658734234 0.073095458222674381 0.000000000000000000 0.000000000000000000 0.000000000000000000 0.000000000000000000 0.183681241643868454 0.195915307743429246 0.188067502462544223
0.000000000000000000 0.000000000000000000 0.000000000000000000 0.000000000000000000 0.011625102521708897 0.195496984269073693 0.000000000000000000 0.000000000000000000 0.597314732157656403 0.326924225839018145 0.197791865128999600 0.000000000000000000 0.000000000000000000 0.000000000000000000 0.000000000000000000 0.175693565351572545 0.209416967650708719 0.195496984269074359
0.000000000000000000 0.000000000000000000 0.000000000000000000 0.000000000000000000 0.000000000000000000 0.000000000000000000 0.000000000000000000 0.000000000000000000 0.000000000000000000 0.000000000000000000 0.000000000000000000 0.930919109093669261 0.000000000000000000 0.000000000000000000 0.000000000000000000 0.000000000000000000 0.000000000000000000 0.241727361021632170
0.000000000000000000 0.000000000000000000 0.000000000000000000 0.000000000000000000 0.000000000000000000 0.148355181827821259 0.000000000000000000 0.000000000000000000 0.000000000000000000 0.000000000000000000 0.684266996879319134 0.262369666811692603 0.000000000000000000 0.000000000000000000 0.000000000000000000 0.000000000000000000 0.000000000000000000 0.270086228396102968
0.000000000000000000 0.000000000000000000 0.000000000000000000 0.000000000000000000 0.032760736008188740 0.279775176071809462 0.000000000000000000 0.000000000000000000 0.000000000000000000 0.000000000000000000 0.929818685357370889 0.000000000000000000 0.000000000000000000 0.000000000000000000 0.000000000000000000 0.000000000000000000 0.010850468669189484 0.279775176071809240
0.000000000000000000 0.000000000000000000 0.000000000000000000 0.000000000000000000 0.212666816452276031 0.245551414139989266 0.000000000000000000 0.000000000000000000 0.000000000000000000 0.510699049335307409 0.404868697913775222 0.000000000000000000 0.000000000000000000 0.000000000000000000 0.000000000000000000 0.000000000000000000 0.060721454114778250 0.245551414139989710
0.000000000000000000 0.000000000000000000 0.000000000000000000 0.097994382270802038 0.263621615298728962 0.223202131521913927 0.000000000000000000 0.000000000000000000 0.000000000000000000 0.735937856645496380 0.168067403036769480 0.000000000000000000 0.000000000000000000 0.000000000000000000 0.000000000000000000 0.000000000000000000 0.095554212261959703 0.223202131521913483
0.000000000000000000 0.000000000000000000 0.000000000000000000 0.255399783653506685 0.228150158800676461 0.207693039305733684 0.000000000000000000 0.000000000000000000 0.432370289100008520 0.356216052565871966 0.106649055774944435 0.000000000000000000 0.000000000000000000 0.000000000000000000 0.000000000000000000 0.000000000000000000 0.121501103025732249 0.207693039305733684
0.000000000000000000 0.000000000000000000 0.136812765500990086 0.235518997980725953 0.207265708138828941 0.196701379909855589 0.000000000000000000 0.000000000000000000 0.588206528792890371 0.235518997980726175 0.065615252509697353 0.000000000000000000 0.000000000000000000 0.000000000000000000 0.000000000000000000 0.000000000000000000 0.141650455629131589 0.196701379909855589
0.000000000000000000 0.000000000000000000 0.249988718480480987 0.205877568001582745 0.194115717149586864 0.188986186401623346 0.000000000000000000 0.390454626289038043 0.253715482866452069 0.205877568001582745 0.036331092968239664 0.000000000000000000 0.000000000000000000 0.000000000000000000 0.000000000000000000 0.000000000000000000 0.157784624181346977 0.188986186401623568
0.000000000000000000 0.115526918286410041 0.203043584885365558 0.190304449431146327 0.185906649257737033 0.183825479397192293 0.000000000000000000 0.478136758244706694 0.203043584885365780 0.190304449431146105 0.014893977564093941 0.000000000000000000 0.000000000000000000 0.000000000000000000 0.000000000000000000 0.000000000000000000 0.171012671693643092 0.183825479397192515
0.000000000000000000 0.165670448453245189 0.185002955539047775 0.182326185762598403 0.181290789426540311 0.175050400101881998 0.293485264931116152 0.229283037760512842 0.185002955539047775 0.181569521052637128 0.000000000000000000 0.000000000000000000 0.000000000000000000 0.000000000000000000 0.000000000000000000 0.000756664709961496 0.181290789426539867 0.180780030697406113
0.000000000000000000 0.170421143346917603 0.179592276153580421 0.179585721227387918 0.179583099477968133 0.179581788648709217 0.359001008981766123 0.188815866321158543 0.179592276153580421 0.167826245984319833 0.000000000000000000 0.000000000000000000 0.000000000000000000 0.000000000000000000 0.000000000000000000 0.011759475243068085 0.179583099477967911 0.179581788648709217
0.000000000000000000 0.135516956310495207 0.183298060624926595 0.181263533757393347 0.180470376138750943 0.180077899186962931 0.308824228832303760 0.249314082898333789 0.183298060624926817 0.162568887326701716 0.000000000000000000 0.000000000000000000 0.000000000000000000 0.000000000000000000 0.000000000000000000 0.018694646430691408 0.180470376138751165 0.180077899186962931
0.000000000000000000 0.061045821202384776 0.197450729437576022 0.187453245942169389 0.183900974146066876 0.182203163483881436 0.000000000000000000 0.552396948794965814 0.197450729437576022 0.165720069016541016 0.000000000000000000 0.000000000000000000 0.000000000000000000 0.000000000000000000 0.000000000000000000 0.021733176925628372 0.183900974146066876 0.182203163483881658
0.000000000000000000 0.000000000000000000 0.169535455135624513 0.199208449315821046 0.190066156500440897 0.185969613457922289 0.000000000000000000 0.458721920928833349 0.292562277022741846 0.178534487405795694 0.000000000000000000 0.000000000000000000 0.000000000000000000 0.000000000000000000 0.000000000000000000 0.020673961910025351 0.190066156500440675 0.185969613457922733
0.000000000000000000 0.000000000000000000 0.050480786536800881 0.219333164417884419 0.199458901190995519 0.191469149720752796 0.000000000000000000 0.000000000000000000 0.742191295200494316 0.204445368490517421 0.000000000000000000 0.000000000000000000 0.000000000000000000 0.000000000000000000 0.000000000000000000 0.014887795927366776 0.199458901190996185 0.191469149720752352
0.000000000000000000 0.000000000000000000 0.000000000000000000 0.150007336429968774 0.213051372868201305 0.198889809920224092 0.000000000000000000 0.000000000000000000 0.607681054444681568 0.358206545649541797 0.000000000000000000 0.000000000000000000 0.000000000000000000 0.000000000000000000 0.000000000000000000 0.003126777860444907 0.213051372868201305 0.198889809920224314
0.000000000000000000 0.000000000000000000 0.000000000000000000 0.000000000000000000 0.000000000000000000 0.226951453529665059 0.000000000000000000 0.000000000000000000 0.000000000000000000 0.000000000000000000 0.000000000000000000 0.853460638652067338 0.000000000000000000 0.000000000000000000 0.000000000000000000 0.000000000000000000 0.000000000000000000 0.115149385157947926
0.000000000000000000 0.000000000000000000 0.000000000000000000 0.000000000000000000 0.061614106922900813 0.347328073450857033 0.000000000000000000 0.000000000000000000 0.000000000000000000 0.000000000000000000 0.636568239894783838 0.200534346853543211 0.000000000000000000 0.000000000000000000 0.000000000000000000 0.000000000000000000 0.000000000000000000 0.146793726597313601
0.000000000000000000 0.000000000000000000 0.000000000000000000 0.000000000000000000 0.286627216217728353 0.285670259114146674 0.000000000000000000 0.000000000000000000 0.000000000000000000 0.000000000000000000 0.707313607339502770 0.115508996285990984 0.000000000000000000 0.000000000000000000 0.000000000000000000 0.000000000000000000 0.000000000000000000 0.170161262828155690
0.000000000000000000 0.000000000000000000 0.000000000000000000 0.120246517454173141 0.346495983015712383 0.250885969705266998 0.000000000000000000 0.000000000000000000 0.000000000000000000 0.401547367011099166 0.346495983015712383 0.062687154282285773 0.000000000000000000 0.000000000000000000 0.000000000000000000 0.000000000000000000 0.000000000000000000 0.188198815422981225
0.000000000000000000 0.000000000000000000 0.000000000000000000 0.346616082087321420 0.269494575524079405 0.184814733097047768 0.000000000000000000 0.000000000000000000 0.000000000000000000 0.505894492540347906 0.269494575524079627 0.025536322644021059 0.000000000000000000 0.000000000000000000 0.000000000000000000 0.000000000000000000 0.000000000000000000 0.202638304168752281
0.000000000000000000 0.000000000000000000 0.192598408579262692 0.312753346745464622 0.233331844925695808 0.054808447365448654 0.000000000000000000 0.000000000000000000 0.249591760286221653 0.312753346745465066 0.231146940584185279 0.000000000000000000 0.000000000000000000 0.000000000000000000 0.000000000000000000 0.000000000000000000 0.002184904341510530 0.212410108737948855
0.000000000000000000 0.000000000000000000 0.382575515259347299 0.240938385762822005 0.164983654498282117 0.000000000000000000 0.000000000000000000 0.000000000000000000 0.359126767409004399 0.240938385762822227 0.188432402348625239 0.000000000000000000 0.000000000000000000 0.000000000000000000 0.000000000000000000 0.000000000000000000 0.023602573900060930 0.201227558537246276
0.000000000000000000 0.239936043960791157 0.257685677050625728 0.210646249755950699 0.077720437402738263 0.000000000000000000 0.000000000000000000 0.159562568374738589 0.257685677050625728 0.210646249755950477 0.158093912988791496 0.000000000000000000 0.000000000000000000 0.000000000000000000 0.000000000000000000 0.000000000000000000 0.040518049611878437 0.193363618035719442
0.000000000000000000 0.360045421557087408 0.207746623919598417 0.194712415605344358 0.023483947088075663 0.000000000000000000 0.000000000000000000 0.247369112680308145 0.207746623919597972 0.194712415605344358 0.136160255964855814 0.000000000000000000 0.000000000000000000 0.000000000000000000 0.000000000000000000 0.000000000000000000 0.054052494510884008 0.188083375087812588
0.210076462058454094 0.202020763156288030 0.189259948671218758 0.186521585335242879 0.000618796299247659 0.000000000000000000 0.090162017995988109 0.202020763156288030 0.189259948671218980 0.186521585335242657 0.120533240361714089 0.000000000000000000 0.000000000000000000 0.000000000000000000 0.000000000000000000 0.000000000000000000 0.064929123747327733 0.184939852614144140
0.234745149735323455 0.183697952857164726 0.183671128477846501 0.183664424677900673 0.007713391867636421 0.000000000000000000 0.132409395307457434 0.183697952857165170 0.183671128477845835 0.183664424677901117 0.110049146295502442 0.000000000000000000 0.000000000000000000 0.000000000000000000 0.000000000000000000 0.000000000000000000 0.073612597088499321 0.183660402783534460
0.188272432727093708 0.196702151002587922 0.187381573345286156 0.185301721304561795 0.043267512328919011 0.000000000000000000 0.127431779791306266 0.196702151002587478 0.187381573345286823 0.185301721304561129 0.104108165264706898 0.000000000000000000 0.000000000000000000 0.000000000000000000 0.000000000000000000 0.000000000000000000 0.080382728462163655 0.184089673176706770
0.000000000000000000 0.311827569296818208 0.201740307207991520 0.191525630374865141 0.105636997429422230 0.000000000000000000 0.000000000000000000 0.314942122698236737 0.201740307207991298 0.191525630374864919 0.102522444028004367 0.000000000000000000 0.000000000000000000 0.000000000000000000 0.000000000000000000 0.000000000000000000 0.085373742153500354 0.186161490920838668
0.000000000000000000 0.190366638829839729 0.235917247439882960 0.203405928048353335 0.193132789307417951 0.000000000000000000 0.000000000000000000 0.278020913822245141 0.235917247439882294 0.203405928048353335 0.105478514315012983 0.000000000000000000 0.000000000000000000 0.000000000000000000 0.000000000000000000 0.000000000000000000 0.088592485616642236 0.189888139504724274
0.000000000000000000 0.000000000000000000 0.309077397607246507 0.223793554513974424 0.203515125473405334 0.100716509153700784 0.000000000000000000 0.000000000000000000 0.499714575128807681 0.223793554513974868 0.113594457105544500 0.000000000000000000 0.000000000000000000 0.000000000000000000 0.000000000000000000 0.000000000000000000 0.089920668367860612 0.195362893292947870
0.000000000000000000 0.000000000000000000 0.154875490270631300 0.260666454213413612 0.217214668348004736 0.202776370403137118 0.000000000000000000 0.000000000000000000 0.464680426809629399 0.260666454213413168 0.128113757629024771 0.000000000000000000 0.000000000000000000 0.000000000000000000 0.000000000000000000 0.000000000000000000 0.089100910718979742 0.202776370403137340