0.000000000000000000 0.000000000000000000 0.000000000000000000 0.000000000000000000 0.000000000000000000 0.000000000000000000 0.000000000000000000 0.000000000000000000 0.000000000000000000 0.000000000000000000 0.000000000000000000 0.000000000000000000 0.333345943372609588 0.333565078888807598 0.333516370255614980 0.333504197264447022 0.333499328478501944 0.333496894169934777
0.000000000000000000 0.000000000000000000 0.000000000000000000 0.000000000000000000 0.000000000000000000 0.000000000000000000 0.000000000000000000 0.000000000000000000 0.000000000000000000 0.000000000000000000 0.000000000000000000 0.000000000000000000 0.287197088860399630 0.357881098195539371 0.340923182123902047 0.337139086583388092 0.335663861922792073 0.334933878796633167
0.000000000000000000 0.000000000000000000 0.000000000000000000 0.000000000000000000 0.000000000000000000 0.000000000000000000 0.000000000000000000 0.000000000000000000 0.000000000000000000 0.000000000000000000 0.000000000000000000 0.000000000000000000 0.000000000000000000 0.571600724139999183 0.367965800392363818 0.349334661237924005 0.342714708308970994 0.339550697413668612
0.000000000000000000 0.000000000000000000 0.000000000000000000 0.000000000000000000 0.000000000000000000 0.000000000000000000 0.000000000000000000 0.000000000000000000 0.000000000000000000 0.000000000000000000 0.110807347772467146 0.177234174481182283 0.000000000000000000 0.366174399729045197 0.472381606339774107 0.386150347850404030 0.253282108053856980 0.177234174481182283
0.000000000000000000 0.000000000000000000 0.000000000000000000 0.000000000000000000 0.000000000000000000 0.000000000000000000 0.000000000000000000 0.000000000000000000 0.000000000000000000 0.000000000000000000 0.152821105287701542 0.172394383472723955 0.000000000000000000 0.556746996343174816 0.380834841276513680 0.356940923960940903 0.195871168355370218 0.172394383472723733
0.000000000000000000 0.000000000000000000 0.000000000000000000 0.000000000000000000 0.000000000000000000 0.000000000000000000 0.000000000000000000 0.000000000000000000 0.000000000000000000 0.000000000000000000 0.169527226755421090 0.169615533295127019 0.275360389825772156 0.370562201657362422 0.347155322895744911 0.342132403811271857 0.170662271071878591 0.169615533295127019
0.000000000000000000 0.000000000000000000 0.000000000000000000 0.000000000000000000 0.000000000000000000 0.000000000000000000 0.000000000000000000 0.000000000000000000 0.000000000000000000 0.000000000000000000 0.000000000000000000 0.270817674001749609 0.000000000000000000 0.000000000000000000 0.000000000000000000 0.000000000000000000 0.653451306010060851 0.379333348134269333
0.000000000000000000 0.000000000000000000 0.000000000000000000 0.000000000000000000 0.000000000000000000 0.000000000000000000 0.000000000000000000 0.000000000000000000 0.000000000000000000 0.000000000000000000 0.157855735775762174 0.266704445052972972 0.000000000000000000 0.000000000000000000 0.000000000000000000 0.000000000000000000 0.770096780472713016 0.266704445052972972
0.000000000000000000 0.000000000000000000 0.000000000000000000 0.000000000000000000 0.000000000000000000 0.000000000000000000 0.000000000000000000 0.000000000000000000 0.000000000000000000 0.004124746062342144 0.322775207142250942 0.233710561767264124 0.000000000000000000 0.000000000000000000 0.000000000000000000 0.481947639764430669 0.322775207142251164 0.233710561767263680
0.000000000000000000 0.000000000000000000 0.000000000000000000 0.000000000000000000 0.000000000000000000 0.000000000000000000 0.000000000000000000 0.118332258071344398 0.238872336239752237 0.195267204507687975 0.184111527092224225 0.179246358247878046 0.000000000000000000 0.251999410903714471 0.238872336239752237 0.195267204507687975 0.184111527092224003 0.179246358247878490
0.000000000000000000 0.000000000000000000 0.000000000000000000 0.000000000000000000 0.000000000000000000 0.000000000000000000 0.000000000000000000 0.229672585400029217 0.192579277085107581 0.180496681627346778 0.176325531976704752 0.174351619885558140 0.000000000000000000 0.333395298387559658 0.192579277085106693 0.180496681627347000 0.176325531976704752 0.174351619885558362
0.000000000000000000 0.000000000000000000 0.000000000000000000 0.000000000000000000 0.000000000000000000 0.000000000000000000 0.090367379982494889 0.187368841099376571 0.175533527816740254 0.172993769245617823 0.172011369958929627 0.171526754557370431 0.188095760054835637 0.187368841099376127 0.175533527816740031 0.172993769245618267 0.172011369958929405 0.171526754557370431
0.000000000000000000 0.000000000000000000 0.249988718480480987 0.205877568001582745 0.194115717149586864 0.188986186401623346 0.000000000000000000 0.390454626289038043 0.253715482866452069 0.205877568001582745 0.036331092968239664 0.000000000000000000 0.000000000000000000 0.000000000000000000 0.000000000000000000 0.000000000000000000 0.157784624181346977 0.188986186401623568
0.000000000000000000 0.115526918286410041 0.203043584885365558 0.190304449431146327 0.185906649257737033 0.183825479397192293 0.000000000000000000 0.478136758244706694 0.203043584885365780 0.190304449431146105 0.014893977564093941 0.000000000000000000 0.000000000000000000 0.000000000000000000 0.000000000000000000 0.000000000000000000 0.171012671693643092 0.183825479397192515
0.000000000000000000 0.165670448453245189 0.185002955539047775 0.182326185762598403 0.181290789426540311 0.175050400101881998 0.293485264931116152 0.229283037760512842 0.185002955539047775 0.181569521052637128 0.000000000000000000 0.000000000000000000 0.000000000000000000 0.000000000000000000 0.000000000000000000 0.000756664709961496 0.181290789426539867 0.180780030697406113
0.188272432727093708 0.196702151002587922 0.187381573345286156 0.185301721304561795 0.043267512328919011 0.000000000000000000 0.127431779791306266 0.196702151002587478 0.187381573345286823 0.185301721304561129 0.104108165264706898 0.000000000000000000 0.000000000000000000 0.000000000000000000 0.000000000000000000 0.000000000000000000 0.080382728462163655 0.184089673176706770
0.000000000000000000 0.311827569296818208 0.201740307207991520 0.191525630374865141 0.105636997429422230 0.000000000000000000 0.000000000000000000 0.314942122698236737 0.201740307207991298 0.191525630374864919 0.102522444028004367 0.000000000000000000 0.000000000000000000 0.000000000000000000 0.000000000000000000 0.000000000000000000 0.085373742153500354 0.186161490920838668
0.000000000000000000 0.190366638829839729 0.235917247439882960 0.203405928048353335 0.193132789307417951 0.000000000000000000 0.000000000000000000 0.278020913822245141 0.235917247439882294 0.203405928048353335 0.105478514315012983 0.000000000000000000 0.000000000000000000 0.000000000000000000 0.000000000000000000 0.000000000000000000 0.088592485616642236 0.189888139504724274
