0.326840886427849531
0.588292323578381904
0.740339594461618900
0.995641794905343103
1.161696618107209478
1.245633389352958753
1.297417351424078991
1.226780986018890740
1.197228153602825307
1.114685372327016921
1.102147349109143359
1.128668014696426081
1.231389534716174960
1.270337963680145954
1.357774043679949694
1.310183398208156325
0.232729777273417315
0.481903506056493514
0.632080099888029046
0.882914818896264331
1.067187306573802674
1.205498482300195073
1.312146119783108800
1.293479971370066872
1.295615511238413342
1.223718492030841043
1.206969663324461095
1.207319270183732751
1.265134058870426736
1.244815382421680106
1.282428822737999630
1.188482703259172046
0.185604650020415929
0.394647632014169636
0.502256148302412164
0.743658329062963253
0.925509225976619443
1.061876024423267673
1.166872487447730089
1.148818449010398979
1.150910659812258485
1.083034039502151824
1.063317949548331587
1.062908866332111124
1.118613833526620471
1.097427279461922200
1.132851692686177136
1.038743494676287904
0.121458049417519254
0.328486000600962336
0.435293652230886285
0.643213949472747015
0.790959035494883445
0.898901603249324221
0.981268361742463791
0.960570551545040008
0.962625957173583457
0.895470434646401747
0.875149081866285150
0.873325304080142195
0.926655418976418344
0.922789173806957463
0.978845291327928746
0.911039709475897741
0.024640854162965575
0.231067245002952837
0.338128174269302806
0.544576425227476291
0.691271117106273758
0.798392296912625810
0.880024120140562416
0.847735642577038817
0.840362119641390404
0.770667813256643686
0.752902412704529733
0.758927848485692613
0.824171182465983532
0.819224789746085813
0.873213302754435094
0.804673178365949870
0.000000000000000000
0.161778024347378757
0.229646725527988926
0.400199933476211356
0.525981824260181918
0.633497027925111977
0.715255292417764310
0.683842321547343923
0.676551572305395532
0.607117478237311103
0.588506590333675361
0.592911694108797072
0.655418921994972981
0.648004743378292392
0.698484154557284853
0.631338033301306556
0.000000000000000000
0.160712807665228385
0.228072436356779817
0.397359081707354123
0.512241201521738132
0.592856753406645121
0.653336599232732573
0.607156938839554905
0.590699418000434018
0.518370921300207121
0.502176777574994238
0.514320509529689440
0.589347144816924295
0.599774952040532217
0.672098622970756843
0.627364190303969060
0.000000000000000000
0.160177542872247891
0.227281202622901635
0.395931012104107583
0.510345760418344119
0.590613200407573258
0.650826170739212451
0.604805886683856153
0.588412093173488637
0.516379094831931562
0.500276385601858387
0.512417374383227875
0.587229088927386456
0.597694200055020941
0.669860153395660629
0.625367799592569273
