0.000000000000000000 0.000000000000000000 0.000000000000000000 0.000000000000000000 0.040518049611877993 0.193363618035719442 0.000000000000000000 0.159562568374738589 0.257685677050625728 0.210646249755950477 0.158093912988791940 0.000000000000000000 0.000000000000000000 0.239936043960791157 0.257685677050625728 0.210646249755950699 0.077720437402738707 0.000000000000000000
0.000000000000000000 0.000000000000000000 0.000000000000000000 0.000000000000000000 0.054052494510883564 0.188083375087812588 0.000000000000000000 0.247369112680308145 0.207746623919597972 0.194712415605344358 0.136160255964856258 0.000000000000000000 0.000000000000000000 0.360045421557087408 0.207746623919598417 0.194712415605344358 0.023483947088076107 0.000000000000000000
0.000000000000000000 0.000000000000000000 0.000000000000000000 0.000000000000000000 0.064929123747327067 0.184939852614144140 0.090162017995987664 0.202020763156288030 0.189259948671218980 0.186521585335242657 0.120533240361714755 0.000000000000000000 0.210076462058454538 0.202020763156288030 0.189259948671218758 0.186521585335242879 0.000618796299247659 0.000000000000000000
0.000000000000000000 0.000000000000000000 0.000000000000000000 0.000000000000000000 0.171012671693642648 0.183825479397192515 0.000000000000000000 0.478136758244706694 0.203043584885365780 0.190304449431146105 0.014893977564094385 0.000000000000000000 0.000000000000000000 0.115526918286410041 0.203043584885365558 0.190304449431146327 0.185906649257737033 0.183825479397192293
0.000000000000000000 0.000000000000000000 0.000000000000000000 0.000756664709960830 0.181290789426540089 0.180780030697405669 0.293485264931115708 0.229283037760513064 0.185002955539047775 0.181569521052637572 0.000000000000000000 0.000000000000000000 0.000000000000000000 0.165670448453245633 0.185002955539047331 0.182326185762598403 0.181290789426539867 0.175050400101882442
0.000000000000000000 0.000000000000000000 0.000000000000000000 0.011759475243067197 0.179583099477968355 0.179581788648709439 0.359001008981759018 0.188815866321163872 0.179592276153580643 0.167826245984321165 0.000000000000000000 0.000000000000000000 0.000000000000000000 0.170421143346916271 0.179592276153580421 0.179585721227389250 0.179583099477967689 0.179581788648709662
0.000000000000000000 0.000000000000000000 0.000000000000000000 0.171058853712023673 0.176011910773258506 0.176010626011144700 0.351861916539421227 0.352093224117159265 0.328055210382114604 0.004955626674557845 0.000000000000000000 0.000000000000000000 0.000000000000000000 0.000000000000000000 0.023986599540968268 0.176014480386581074 0.176011910773258506 0.176010626011144922
0.000000000000000000 0.000000000000000000 0.001760692292673394 0.177729218275695766 0.176951525815394195 0.176566701463873876 0.302802707401815585 0.377327520594138877 0.357687458706320793 0.009720859809458471 0.000000000000000000 0.000000000000000000 0.000000000000000000 0.000000000000000000 0.000000000000000000 0.168008358466237517 0.176951525815394195 0.176566701463873876
0.000000000000000000 0.000000000000000000 0.000732601963953083 0.183890864312188373 0.180406100271032654 0.178740554985121758 0.000000000000000000 0.601784837674546269 0.386664107149843339 0.073022563547548991 0.000000000000000000 0.000000000000000000 0.000000000000000000 0.000000000000000000 0.000000000000000000 0.110868300764638938 0.180406100271032876 0.178740554985121314
0.000000000000000000 0.000000000000000000 0.146043645491657825 0.198152194830758521 0.186831697001790031 0.181894647346370508 0.000000000000000000 0.375803162685512504 0.338759502375336030 0.198152194830758521 0.186831697001790253 0.132735277152093101 0.000000000000000000 0.000000000000000000 0.000000000000000000 0.000000000000000000 0.000000000000000000 0.049159370194277408
0.000000000000000000 0.000000000000000000 0.181665103256337668 0.183163443724722041 0.178930667102932039 0.176927591295861442 0.000000000000000000 0.571386973519296681 0.209184005579369003 0.183163443724721819 0.178930667102932262 0.089616744119170644 0.000000000000000000 0.000000000000000000 0.000000000000000000 0.000000000000000000 0.000000000000000000 0.087310847176690576
0.000000000000000000 0.027620819550471687 0.178107942457830459 0.175530935209878391 0.174534127831820873 0.174042404950565333 0.282547143780845555 0.352612850723147853 0.178107942457830681 0.175530935209878169 0.174534127831821095 0.073393507927142831 0.000000000000000000 0.000000000000000000 0.000000000000000000 0.000000000000000000 0.000000000000000000 0.100648897023421835
0.000000000000000000 0.251999410903714027 0.238872336239752237 0.195267204507687975 0.184111527092224003 0.179246358247878490 0.000000000000000000 0.118332258071344842 0.238872336239752237 0.195267204507687975 0.184111527092224225 0.179246358247878046 0.000000000000000000 0.000000000000000000 0.000000000000000000 0.000000000000000000 0.000000000000000000 0.000000000000000000
0.000000000000000000 0.333395298387559214 0.192579277085106693 0.180496681627347000 0.176325531976704752 0.174351619885558362 0.000000000000000000 0.229672585400029661 0.192579277085107581 0.180496681627346778 0.176325531976704752 0.174351619885558140 0.000000000000000000 0.000000000000000000 0.000000000000000000 0.000000000000000000 0.000000000000000000 0.000000000000000000
0.188095760054834749 0.187368841099376127 0.175533527816740031 0.172993769245618267 0.172011369958929405 0.171526754557370431 0.090367379982495777 0.187368841099376571 0.175533527816740254 0.172993769245617823 0.172011369958929627 0.171526754557370431 0.000000000000000000 0.000000000000000000 0.000000000000000000 0.000000000000000000 0.000000000000000000 0.000000000000000000
0.000000000000000000 0.366174399729045197 0.472381606339774107 0.386150347850404030 0.253282108053856536 0.177234174481182283 0.000000000000000000 0.000000000000000000 0.000000000000000000 0.000000000000000000 0.110807347772467590 0.177234174481182283 0.000000000000000000 0.000000000000000000 0.000000000000000000 0.000000000000000000 0.000000000000000000 0.000000000000000000
0.000000000000000000 0.556746996343174816 0.380834841276513680 0.356940923960940903 0.195871168355369774 0.172394383472723733 0.000000000000000000 0.000000000000000000 0.000000000000000000 0.000000000000000000 0.152821105287701986 0.172394383472723955 0.000000000000000000 0.000000000000000000 0.000000000000000000 0.000000000000000000 0.000000000000000000 0.000000000000000000
0.275360389825772156 0.370562201657362422 0.347155322895744911 0.342132403811271857 0.170662271071878147 0.169615533295127019 0.000000000000000000 0.000000000000000000 0.000000000000000000 0.000000000000000000 0.169527226755421534 0.169615533295127019 0.000000000000000000 0.000000000000000000 0.000000000000000000 0.000000000000000000 0.000000000000000000 0.000000000000000000