0.000000000000000000
0.160177542872247891
0.227281202622901635
0.395931012104107583
0.510345760418344119
0.590613200407573258
0.650826170739212451
0.604805886683856153
0.588412093173488637
0.516379094831931562
0.500276385601858387
0.512417374383227875
0.587229088927386456
0.597694200055020941
0.669860153395660629
0.625367799592569273
0.000000000000000000
0.160712807665228385
0.228072436356779817
0.397359081707354123
0.512241201521738132
0.592856753406645121
0.653336599232732573
0.607156938839554905
0.590699418000434018
0.518370921300207121
0.502176777574994238
0.514320509529689440
0.589347144816924295
0.599774952040532217
0.672098622970756843
0.627364190303969060
0.000000000000000000
0.161778024347378757
0.229646725527988926
0.400199933476211356
0.525981824260181918
0.633497027925111866
0.715255292417764199
0.683842321547343701
0.676551572305395199
0.607117478237310992
0.588506590333675139
0.592911694108796850
0.655418921994972870
0.648004743378292503
0.698484154557284742
0.631338033301306556
0.024640854162965575
0.231067245002952615
0.338128174269302584
0.544576425227476291
0.691271117106273536
0.798392296912625588
0.880024120140562083
0.847735642577038595
0.840362119641390293
0.770667813256643575
0.752902412704529622
0.758927848485692502
0.824171182465983421
0.819224789746085591
0.873213302754434872
0.804673178365948094
0.121458049417519143
0.328486000600962225
0.435293652230887618
0.643213949472746904
0.790959035494881668
0.898901603249324110
0.981268361742464790
0.960570551545040008
0.962625957173584235
0.895470434646402191
0.875149081866285039
0.873325304080142195
0.926655418976418233
0.922789173806957574
0.978845291327928635
0.911039709475897630
0.185604650020415818
0.394647632014169525
0.502256148302412164
0.743658329062963253
0.925509225976619332
1.061876024423267673
1.166872487447730311
1.148818449010398979
1.150910659812258485
1.083034039502151824
1.063317949548331587
1.062908866332110680
1.118613833526620693
1.097427279461922200
1.132851692686176914
1.038743494676287682
0.232729777273417315
0.481903506056493347
0.632080099888029157
0.882914818896264442
1.067187306573802674
1.205498482300196628
1.312146119783109466
1.293479971370067316
1.295615511238413342
1.223718492030841043
1.206969663324459319
1.207319270183733417
1.265134058870426070
1.244815382421680106
1.282428822737999630
1.188482703259172046
0.326840886427849364
0.588292323578381904
0.740339594461618677
0.995641794905342881
1.161696618107210810
1.245633389352958753
1.297417351424078769
1.226780986018890518
1.197228153602824863
1.114685372327016921
1.102147349109142915
1.128668014696425637
1.231389534716174960
1.270337963680145732
1.357774043679949694
1.310183398208156103
