0.000000000000000000 0.000000000000000000 0.000000000000000000 0.000000000000000000 0.000000000000000000 0.000000000000000000 0.000000000000000000 0.000000000000000000 0.000000000000000000 0.000000000000000000 0.000000000000000000 0.000000000000000000 0.000000000000000000 0.361969386810536919 0.466956948694143170 0.381715938447672709 0.359908385641255713 0.350397764050661475
0.000000000000000000 0.000000000000000000 0.000000000000000000 0.000000000000000000 0.000000000000000000 0.000000000000000000 0.000000000000000000 0.000000000000000000 0.000000000000000000 0.000000000000000000 0.000000000000000000 0.000000000000000000 0.000000000000000000 0.550353517406103387 0.376461473207713837 0.352841944902026361 0.344688019068370322 0.340829338814383265
0.000000000000000000 0.000000000000000000 0.000000000000000000 0.000000000000000000 0.000000000000000000 0.000000000000000000 0.000000000000000000 0.000000000000000000 0.000000000000000000 0.000000000000000000 0.000000000000000000 0.000000000000000000 0.272222277212132768 0.366339132682552249 0.343199007688738789 0.338233331716632613 0.336312567834431420 0.335365059247359376
0.000000000000000000 0.000000000000000000 0.000000000000000000 0.000000000000000000 0.000000000000000000 0.049159370194277408 0.000000000000000000 0.375803162685512504 0.338759502375336030 0.198152194830758521 0.186831697001790253 0.132735277152093101 0.000000000000000000 0.000000000000000000 0.146043645491657825 0.198152194830758521 0.186831697001790031 0.181894647346370508
0.000000000000000000 0.000000000000000000 0.000000000000000000 0.000000000000000000 0.000000000000000000 0.087310847176690132 0.000000000000000000 0.571386973519292907 0.209184005579371668 0.183163443724722708 0.178930667102932262 0.089616744119171532 0.000000000000000000 0.000000000000000000 0.181665103256337446 0.183163443724722486 0.178930667102932039 0.176927591295861886
0.000000000000000000 0.000000000000000000 0.000000000000000000 0.000000000000000000 0.000000000000000000 0.100648897023420503 0.282547143780838450 0.352612850723154070 0.178107942457829793 0.175530935209878169 0.174534127831821095 0.073393507927145052 0.000000000000000000 0.027620819550472575 0.178107942457830237 0.175530935209877947 0.174534127831821095 0.174042404950565555
0.000000000000000000 0.000000000000000000 0.000000000000000000 0.000000000000000000 0.000000000000000000 0.000000000000000000 0.000000000000000000 0.000000000000000000 0.000000000000000000 0.000000000000000000 0.161560185061781159 0.168641583774481685 0.337130502969613444 0.337352126385943807 0.337302864751497067 0.337290553557329176 0.175725444433060485 0.168641583774481685
0.000000000000000000 0.000000000000000000 0.000000000000000000 0.000000000000000000 0.000000000000000000 0.000000000000000000 0.000000000000000000 0.000000000000000000 0.000000000000000000 0.000000000000000000 0.129897525061938079 0.169326018810808776 0.290385313337097717 0.361853998065601479 0.344707829239357721 0.340881725800805890 0.209492599354573983 0.169326018810807888
0.000000000000000000 0.000000000000000000 0.000000000000000000 0.000000000000000000 0.000000000000000000 0.000000000000000000 0.000000000000000000 0.000000000000000000 0.000000000000000000 0.000000000000000000 0.075827492866858748 0.171605863600575947 0.000000000000000000 0.577763713330027073 0.371933201332109498 0.353101181555313337 0.270582359540725514 0.171605863600575947
0.000000000000000000 0.000000000000000000 0.000000000000000000 0.000000000000000000 0.000000000000000000 0.000000000000000000 0.000000000000000000 0.118332258071344398 0.238872336239752237 0.195267204507687975 0.184111527092224225 0.179246358247878046 0.000000000000000000 0.251999410903714471 0.238872336239752237 0.195267204507687975 0.184111527092224003 0.179246358247878490
0.000000000000000000 0.000000000000000000 0.000000000000000000 0.000000000000000000 0.000000000000000000 0.000000000000000000 0.000000000000000000 0.229672585400029217 0.192579277085107581 0.180496681627346778 0.176325531976704752 0.174351619885558140 0.000000000000000000 0.333395298387559658 0.192579277085106693 0.180496681627347000 0.176325531976704752 0.174351619885558362
0.000000000000000000 0.000000000000000000 0.000000000000000000 0.000000000000000000 0.000000000000000000 0.000000000000000000 0.090367379982494889 0.187368841099376571 0.175533527816740254 0.172993769245617823 0.172011369958929627 0.171526754557370431 0.188095760054835637 0.187368841099376127 0.175533527816740031 0.172993769245618267 0.172011369958929405 0.171526754557370431
0.000000000000000000 0.000000000000000000 0.249988718480480987 0.205877568001582745 0.194115717149586864 0.188986186401623346 0.000000000000000000 0.390454626289038043 0.253715482866452069 0.205877568001582745 0.036331092968239664 0.000000000000000000 0.000000000000000000 0.000000000000000000 0.000000000000000000 0.000000000000000000 0.157784624181346977 0.188986186401623568
0.000000000000000000 0.115526918286410041 0.203043584885365558 0.190304449431146327 0.185906649257737033 0.183825479397192293 0.000000000000000000 0.478136758244706694 0.203043584885365780 0.190304449431146105 0.014893977564093941 0.000000000000000000 0.000000000000000000 0.000000000000000000 0.000000000000000000 0.000000000000000000 0.171012671693643092 0.183825479397192515
0.000000000000000000 0.165670448453245189 0.185002955539047775 0.182326185762598403 0.181290789426540311 0.175050400101881998 0.293485264931116152 0.229283037760512842 0.185002955539047775 0.181569521052637128 0.000000000000000000 0.000000000000000000 0.000000000000000000 0.000000000000000000 0.000000000000000000 0.000756664709961496 0.181290789426539867 0.180780030697406113
0.188272432727093708 0.196702151002587922 0.187381573345286156 0.185301721304561795 0.043267512328919011 0.000000000000000000 0.127431779791306266 0.196702151002587478 0.187381573345286823 0.185301721304561129 0.104108165264706898 0.000000000000000000 0.000000000000000000 0.000000000000000000 0.000000000000000000 0.000000000000000000 0.080382728462163655 0.184089673176706770
0.000000000000000000 0.311827569296818208 0.201740307207991520 0.191525630374865141 0.105636997429422230 0.000000000000000000 0.000000000000000000 0.314942122698236737 0.201740307207991298 0.191525630374864919 0.102522444028004367 0.000000000000000000 0.000000000000000000 0.000000000000000000 0.000000000000000000 0.000000000000000000 0.085373742153500354 0.186161490920838668
0.000000000000000000 0.190366638829839729 0.235917247439882960 0.203405928048353335 0.193132789307417951 0.000000000000000000 0.000000000000000000 0.278020913822245141 0.235917247439882294 0.203405928048353335 0.105478514315012983 0.000000000000000000 0.000000000000000000 0.000000000000000000 0.000000000000000000 0.000000000000000000 0.088592485616642236 0.189888139504724274