0.421191839584673489 0.487975614252366852
0.816581180969539022 0.883189963823940327
0.658774784365197208 0.745637557354023039
0.632056343249752905 0.732724183036634780
0.470576397443327299 0.487528366811240621
0.074136653846689285 0.645728098429718678
0.471720429323259860 0.531080469285539647
0.497928115749162736 0.556989502846906182
0.323933347182319031 0.381347223464844010
0.918258867422607539 1.047974013735831100
0.170670313246072181 0.191493295553318177
0.742750841180346066 0.752891490059578117
0.258119737961911233 0.307867765446109110
0.780658483236595813 0.828732324409323651
0.744064820329466858 0.800910845614215328
0.699893791391873688 0.778786512394336716
0.059063083129724206 0.064530031249541389
0.010391671679277660 0.017925391146656151
