-0.119105922863290345 1.028273376698330743
0.290189564114524567 1.409581580676990908
0.267478120231767202 1.136934221487833518
-7.317990447910930563 8.682770974173763534
0.462276173535877022 0.495828590718905171
-17.588876143464862167 18.308740895794919368
-0.074414675679300712 1.077215574286136235
-0.034677219971717528 1.089594838565849377
-0.076598393047919211 0.781878963695668450
-7.014450845367207421 8.980683726501835551
0.165481261823425096 0.196682346976255168
0.737560275613031502 0.758082055627002482
-0.296214106445891634 0.862201609851986794
0.238935039371746177 1.370455768272257346
0.355299420725192494 1.189676245218992179
-7.246034017631898472 8.724714321394642980
0.058141570523556493 0.065451543855790384
0.010499529233344317 0.017817533592591358
