-0.635951485171329489 1.594425486661812608
-0.651518790692960481 1.636476804082193093
-4.580162167430005482 4.209691366009018054
-5.366770612183953126 7.787994300787445923
-0.041033470228263341 0.925642370333536912
-0.478305938917572893 0.212330175442371150
0.193648510100714405 1.196256202873036356
0.107185091091390641 1.354419828826101790
-1.554861801645180286 3.460454907056750962
-2.658188989803773161 3.928843925765344469
0.827553631939984768 0.967438560078234699
0.265426805783873399 0.574393923204749135
0.332417295174274208 0.421707637380240530
0.094247806405225329 0.183262083371767304
0.223566145395088456 0.293610846995995933
0.779143226955104962 0.961082549391672258
0.872519837027410206 1.012282740997363373
0.370716037951183852 0.700236214336740770
