0.035963202814349352 0.917077332942446422
-0.001616909904073697 0.980357268768195178
-2.761358427624659218 2.358971687750333945
-2.873853212693629366 5.342790922764381278
-0.230153418143518335 1.107416364361360372
-1.152287357320120664 0.873875813629237941
-0.147911621223180412 1.547583305397016495
-0.102975395574155637 1.574343639025724606
0.332937928323938037 1.586337897997432300
-15.600864582975265904 16.727306037741961120
-14.704882186342606687 17.155038729121656615
-0.858196527928371089 1.153853319306622049
-0.467790159416279439 1.231682077679961962
-0.697341938803181849 0.984615164942663768
-0.355691691138677601 0.886551394968846829
-15.358856821671361459 16.954869184035018748
-14.642241537725789513 17.182208905917082831
-0.749056348225719981 1.275844142504263257
