-0.112557847141133149 1.279521352323419237
-0.197193917398249235 1.367001456232363132
-3.752040269178266829 4.154143403675396584
-5.346140025257899886 7.004203363617087064
-0.064707555250171828 0.246094476521260402
-1.834482145506066697 2.100234490407841381
-0.169923022038591776 1.559827735341859478
-0.124978575807432407 1.586583496052167419
0.350091365456592862 1.555501739735096089
-15.275856868459671389 16.546511810568116374
-13.883530900304510425 15.678523086518245222
-1.540391376591286665 2.380212104802612583
-0.489801592939602071 1.243926525819454953
-0.719345147959226550 0.996855038058171328
-0.338538265850688025 0.855715257999266510
-15.033849258562543838 16.774075041085307447
-13.820889700832390545 15.705692273059183250
-1.431251849284116417 2.502204100789993113
