0.035963202814349352 0.917077332942446422
-0.001616909904073697 0.980357268768195178
-2.761358427624659218 2.358971687750333945
-2.873853212693629366 5.342790922764381278
-0.064707555250171828 0.246094476521260402
-0.478305938917572893 0.212330175442371150
0.193648510100714405 1.196256202873036356
0.107185091091390641 1.354419828826101790
0.350091365456592862 1.555501739735096089
-2.658188989803773161 3.928843925765344469
0.827553631939984768 0.967438560078234699
0.265426805783873399 0.574393923204749135
0.332417295174274208 0.421707637380240530
0.094247806405225329 0.183262083371767304
0.223566145395088456 0.293610846995995933
0.779143226955104962 0.961082549391672258
0.872519837027410206 1.012282740997363373
0.370716037951183852 0.700236214336740770
